-1.309107006129799078e-02
-1.213729001869915877e-02
-1.230996727730070649e-02
-1.366276328339918918e-02
-1.365130658429902083e-02
-1.385563740330009695e-02
-1.467618902749960944e-02
-1.465843311240079896e-02
-1.452225193649998164e-02
-1.477658278249790666e-02
-1.561217378490084920e-02
-1.525866965700042703e-02
-1.620386701779966826e-02
-1.546449653980108176e-02
-1.640209547129824544e-02
-1.681670199440105443e-02
-1.650181993459935367e-02
-1.741386767120060505e-02
-1.727839515710135471e-02
-1.718036360809933188e-02
-1.792193881170018113e-02
-1.814536412920116429e-02
-1.849142730820023395e-02
-1.888792358530176976e-02
-1.868245103340133648e-02
-1.866197858139931332e-02
-2.037190076460138402e-02
-1.992493201929971397e-02
-2.018654633379939403e-02
-2.101595623050003803e-02
-2.108272792010041849e-02
-2.175442119619978854e-02
-2.149087774679938820e-02
-2.010705810189978779e-02
-2.108603500849878451e-02
-2.286186273909782476e-02
-2.654584110640087133e-02
-2.604489595399896856e-02
-3.520663318480130033e-02
-3.564190901039891723e-02
-3.544549158149800511e-02
-4.694305684530099970e-02
-4.721226958909940236e-02
-4.625443442619961432e-02
-5.441644670769826830e-02
-5.462817910549967737e-02
-6.073987531919966543e-02
-6.785393427889778450e-02
-7.554476520359995617e-02
-7.378559102529914926e-02
-8.496323485649974472e-02
-8.492362853590014471e-02
-8.385791929900081321e-02
-9.841454133280017058e-02
-8.681260593389997227e-02
-9.974229795529922227e-02
-9.953729784460094154e-02
-1.112495088935991222e-01
-1.170232915389996103e-01
-1.218271130307018307e-01
-1.231771137596995302e-01
-1.227351450171009078e-01
