-9.839493502298702135e-03
-9.657564270200371184e-03
-1.000079280199876394e-02
-1.068599002240096588e-02
-1.016858816820032790e-02
-1.064803724600279361e-02
-1.093059645370218075e-02
-1.138839197650001224e-02
-1.201406160569920903e-02
-1.178445518250040465e-02
-1.223315621220105558e-02
-1.249768391410120867e-02
-1.220532155150083620e-02
-1.248425870999929702e-02
-1.297374716329991427e-02
-1.273721160250070039e-02
-1.280764471140079068e-02
-1.304008578180138912e-02
-1.345264505969817788e-02
-1.331280246449877309e-02
-1.324319612769995352e-02
-1.350166083419863071e-02
-1.365441682220235910e-02
-1.353803880660077799e-02
-1.386071614620070294e-02
-1.390307837380116811e-02
-1.388315710319999209e-02
-1.441969282600155666e-02
-1.425256675150165901e-02
-1.399559810879920548e-02
-1.402256662729937237e-02
-1.407587374269906114e-02
-1.493855137389963478e-02
-1.445859048480069992e-02
-1.510945697799894252e-02
-1.653020577670041846e-02
-1.717028486250127967e-02
-1.672087517100017892e-02
-1.977367209510004151e-02
-2.138343674390098120e-02
-2.060524734729969609e-02
-2.404658778830103330e-02
-2.258095707559873780e-02
-2.357776863749970475e-02
-2.742556599090092626e-02
-2.729001473660187457e-02
-3.044304793530155234e-02
-2.946863796029886018e-02
-3.246332461680109110e-02
-3.458997930849835867e-02
-3.560497985660040360e-02
-3.719194921749846561e-02
-4.097356543280005620e-02
-4.262273955169996326e-02
-4.151596730050023665e-02
-4.121718761160039768e-02
-4.787439593089942713e-02
-5.047227134949979627e-02
-4.771427773419861795e-02
-5.356585569720074408e-02
-6.012940254859902578e-02
-5.119490953499922226e-02
