9.963954308322430231e-01
1.000000000000000000e+00
9.931996031152030557e-01
9.796237706554716818e-01
9.898750686436029733e-01
9.803757301182680628e-01
9.747773763166724947e-01
9.657070603065310843e-01
9.533106497429203463e-01
9.578598484848467320e-01
9.489697219309919385e-01
9.437286268783204868e-01
9.495212108731360123e-01
9.439946208377213432e-01
9.342963718736031487e-01
9.389828578203702758e-01
9.375873645848833426e-01
9.329820028954900479e-01
9.248079539214631994e-01
9.275786593280712644e-01
9.289577717038653981e-01
9.238368029554514527e-01
9.208102441215699763e-01
9.231160451300383096e-01
9.167228296140893518e-01
9.158835055663540059e-01
9.162782062802709016e-01
9.056478083969586867e-01
9.089590821726044600e-01
9.140504093655043016e-01
9.135160813239653343e-01
9.124599058958851039e-01
8.953676488942257095e-01
9.048771279516658606e-01
8.919814911886830844e-01
8.638321539114326431e-01
8.511502483650121853e-01
8.600544156557335951e-01
7.995692613948390814e-01
7.676749475812307821e-01
7.830932367330712962e-01
7.149098584693518443e-01
7.439484424142834840e-01
7.241985859417960913e-01
6.479620650491533240e-01
6.506477459936705898e-01
5.881766075083276757e-01
6.074826206879531121e-01
5.481488068493570731e-01
5.060133355798779320e-01
4.859031001946838568e-01
4.544604300833939847e-01
3.795351580050818074e-01
3.468600232140089390e-01
3.687885340222513131e-01
3.747082646897136882e-01
2.428088026059592730e-01
1.913370213668711683e-01
2.459812290949175417e-01
1.300437446956910492e-01
0.000000000000000000e+00
1.770193699765371942e-01
