-1.239799882090112174e-02
-1.245339255160001803e-02
-1.234433737459897200e-02
-1.294910148070059670e-02
-1.225638457120059588e-02
-1.160650233049874934e-02
-1.321008587360074545e-02
-1.357575536239954625e-02
-1.357170024209971258e-02
-1.422646437519930508e-02
-1.366236958240018250e-02
-1.417158245580023464e-02
-1.416138559990248215e-02
-1.375055860640131931e-02
-1.457418109840091097e-02
-1.473839378550145102e-02
-1.421579507809938615e-02
-1.582996917809926032e-02
-1.515264597770067841e-02
-1.461839372069894359e-02
-1.569583524739999111e-02
-1.519453576410009950e-02
-1.611528429279952476e-02
-1.685536343259743872e-02
-1.744792280770078238e-02
-1.670292240539850842e-02
-1.725528490840039578e-02
-1.718016675759982681e-02
-1.762953707899990799e-02
-1.901985279039989166e-02
-1.831107288010016404e-02
-1.923280566129934380e-02
-2.068182219179882583e-02
-2.122260988539972568e-02
-2.116883032880011173e-02
-2.105863341889858964e-02
-1.804792313169988754e-02
-1.935296320649921437e-02
-2.294422498830024637e-02
-2.267729571030056152e-02
-2.278237450719933915e-02
-2.797265290049934933e-02
-2.890773214560063767e-02
-2.761769207890036812e-02
-3.143462327389895394e-02
-3.032194550770071079e-02
-3.175147383870128431e-02
-3.631446842870057756e-02
-3.764261875219862552e-02
-3.699521682780170656e-02
-4.443116572510062007e-02
-4.377880316810055933e-02
-4.221415665389872951e-02
-4.789770303010212199e-02
-5.525817944570136919e-02
-4.777864784770059076e-02
-7.609559227270011605e-02
-5.522388808859842596e-02
-6.373755410329993987e-02
-7.323685057149818822e-02
-7.700409670029913223e-02
-8.441335266980165564e-02
