0.000000000000000000e+00
1.279843331848739803e-03
4.606284262263101413e-03
5.751527813876144979e-02
5.887303876220238014e-02
5.946940046412520914e-02
1.139367296511726857e-01
1.141186781180153348e-01
1.710101935646561599e-01
1.744383088975804685e-01
1.758735589461356552e-01
2.162262147752744279e-01
2.325591548817775023e-01
2.347915517455011758e-01
2.890127139156604685e-01
2.913290182016891605e-01
2.938277023281419820e-01
3.369827853989275646e-01
3.388913118874099517e-01
3.410299498784931660e-01
3.874684452416884972e-01
3.901794703834350897e-01
3.971037739047465487e-01
4.533957186508697501e-01
4.555728891748208609e-01
4.600179870158033757e-01
4.978638222411737035e-01
5.079266210811405058e-01
5.111976182314411643e-01
5.465546207806943890e-01
5.524060701473557655e-01
5.667255968571685010e-01
5.737128318219849588e-01
6.056243799245881743e-01
6.086427885537069038e-01
6.560886359220692299e-01
6.607009103150444096e-01
6.704809420186181868e-01
7.017665880967037806e-01
7.044619890977452670e-01
7.121900713646567294e-01
7.281103132091004682e-01
7.372192749177544080e-01
7.465262371004354192e-01
7.702471266652884951e-01
7.840043245938067562e-01
7.914104688988403691e-01
7.957568874026681449e-01
8.359618416188331347e-01
8.400224944138092731e-01
8.757478864947809694e-01
8.759120679814187405e-01
8.792592709573946452e-01
9.124686433052913159e-01
9.129262956045135491e-01
9.142692878202077766e-01
9.489595025464396816e-01
9.517261854015386380e-01
9.559460957115372137e-01
9.881661004748122368e-01
9.998657867024368651e-01
1.000000000000000000e+00
