0.000000000000000000e+00
4.771844652411558717e-03
5.670430490814579692e-03
5.765273155348866335e-02
6.088367612318375949e-02
6.172643364252756309e-02
1.117065970553695747e-01
1.168912729057564187e-01
1.172521875809243164e-01
1.681610093986898036e-01
1.690348722797680725e-01
1.705191238825199684e-01
1.960807581729413773e-01
2.144897759602234777e-01
2.194464032020700395e-01
2.553349534605096061e-01
2.597681324117723234e-01
2.706901881838947865e-01
3.046130591385795006e-01
3.055886860996985255e-01
3.071569856319116276e-01
3.220320279583736567e-01
3.262690905740308622e-01
3.692459843968609601e-01
3.883280133973119885e-01
4.264838259122414321e-01
4.284268444739510184e-01
4.499244599742494577e-01
4.733591166495783042e-01
4.817156146063906741e-01
5.408952393794014268e-01
5.426019705968943008e-01
5.446080234181250868e-01
5.911650410970645808e-01
5.927115034232858237e-01
5.928709487785046583e-01
6.404728109487768384e-01
6.490524095475171951e-01
6.520410961366117641e-01
6.845392530949896415e-01
6.867121698462106405e-01
6.897424686320097198e-01
6.934064311584193785e-01
7.256779874466443570e-01
7.364296758854044223e-01
7.787086364040229913e-01
7.792850306374823344e-01
7.809414991545676754e-01
8.198020492715881735e-01
8.214420369421735479e-01
8.291735216620782500e-01
8.526876968185772565e-01
8.610161776738528561e-01
8.690785045024048694e-01
8.719266971909400699e-01
8.932106894642152239e-01
8.953232450729379233e-01
8.986071355855078657e-01
9.351940309161852483e-01
9.510393472194226261e-01
9.929641838601619419e-01
9.955266534152745761e-01
1.000000000000000000e+00
