0.000000000000000000e+00
5.625391673258633984e-02
5.695051150123753292e-02
5.909405692317877545e-02
1.145076674658164068e-01
1.151479923120990179e-01
1.156481598794585064e-01
1.697579039885077079e-01
1.701697937881457290e-01
1.723290295319652443e-01
2.293627977608300450e-01
2.299405738141269417e-01
2.323430952303453811e-01
2.792306335321844135e-01
2.811342417842342400e-01
2.818496628827409922e-01
3.293741775283559048e-01
3.359470651724182355e-01
3.379203305022010495e-01
3.837755292512996519e-01
3.878691232619996265e-01
3.921593535411912468e-01
4.392192626071725892e-01
4.393880758016102117e-01
4.411419062562766946e-01
4.881160463609183764e-01
4.924096251426158255e-01
4.944950156100710870e-01
5.316279239842772730e-01
5.365365133445860746e-01
5.479640167384408622e-01
5.882742769850491937e-01
5.970586945911986465e-01
6.029820550049153072e-01
6.258782754493721345e-01
6.440870173735557813e-01
6.446911496031850763e-01
6.851993005214744858e-01
6.872188005481003614e-01
6.898043585829148894e-01
7.111306248874268432e-01
7.330329947076487107e-01
7.351558321949475117e-01
7.768760142093988907e-01
7.805669242318573620e-01
7.812700035109924057e-01
8.100082092463243288e-01
8.152416650417397825e-01
8.283481117052350351e-01
8.623419480683447436e-01
8.635031484166288962e-01
8.642737975288435903e-01
8.943164968993601027e-01
9.025944714948647141e-01
9.055061537953076334e-01
9.374298684511137569e-01
9.397359550515395066e-01
9.519866142704050960e-01
9.777457769394121145e-01
9.809952981232615832e-01
1.000000000000000000e+00
