0.000000000000000000e+00
2.999617056179491609e-03
5.385784261183754196e-02
5.576519579742045957e-02
5.630247429812069992e-02
1.113714283077355816e-01
1.160569176035925604e-01
1.162803213092332144e-01
1.709007618952924634e-01
1.737162379996193273e-01
1.770017799161659189e-01
2.252203465176615127e-01
2.263352290345942985e-01
2.297645828915355903e-01
2.805568752679185596e-01
2.874542024850582078e-01
2.875613176819287187e-01
3.408959633861801675e-01
3.438802193400400942e-01
3.466442703612739318e-01
3.852663256459994967e-01
3.865578818151605422e-01
3.959350481972934710e-01
4.454946732913078744e-01
4.465959007181958818e-01
4.490394626508811271e-01
5.036699330509036843e-01
5.048087137233787658e-01
5.063548258018131243e-01
5.546854158813936397e-01
5.568138270057408912e-01
5.593207630992891310e-01
6.083251895718734259e-01
6.087899171038848589e-01
6.108477000192762407e-01
6.605635196263769382e-01
6.607783862787948159e-01
6.654284548444061587e-01
7.041975243384668293e-01
7.046471040196933266e-01
7.064456359961307497e-01
7.457361928895779313e-01
7.509760278007280299e-01
7.519046333545388316e-01
7.929557424757686102e-01
7.979004827105792286e-01
8.029536141555377871e-01
8.375241140290206054e-01
8.396284137462907138e-01
8.425213456045951288e-01
8.835001170086692612e-01
8.842836311128804416e-01
8.871176705884672442e-01
9.088344936663933504e-01
9.196177952182564841e-01
9.219482709111121999e-01
9.450861707498738884e-01
9.496850274839273576e-01
9.523807995590092279e-01
9.915305300335416350e-01
9.953906869489147491e-01
1.000000000000000000e+00
